4	52	29	3	43	2	39	18	26	25	8	34	10	33	47	49	50	1	0	6	11	12	
33	40	29	19	45	31	22	14	34	13	2	35	27	4	5	
51	40	19	7	11	25	35	50	14	6	22	44	32	34	4	33	13	10	28	41	26	
32	33	10	50	17	7	37	49	3	14	20	38	24	34	4	46	2	6	13	8	52	45	21	18	39	
51	1	35	40	50	14	34	41	32	22	7	28	13	46	4	43	6	15	
51	40	50	35	11	4	7	14	25	6	19	44	22	34	32	41	28	13	10	2	46	
21	39	43	18	45	46	8	6	50	10	33	17	34	4	13	
5	27	35	4	33	13	14	22	45	2	34	
17	36	37	2	28	12	34	4	
35	0	13	22	4	40	1	6	15	34	26	2	46	17	12	
21	45	23	26	42	11	28	34	22	17	33	12	36	10	6	
0	47	49	1	11	4	28	6	46	26	12	
26	36	7	17	13	2	43	12	
17	28	12	2	
33	10	34	14	6	4	2	13	17	
33	0	2	48	28	26	46	17	
22	41	11	19	6	44	51	25	10	7	40	28	35	32	2	17	34	33	14	13	4	
2	36	28	12	
12	17	46	
22	17	31	45	16	9	12	2	15	
25	11	47	0	8	34	28	18	50	10	4	6	1	12	33	46	
31	45	9	16	17	12	2	22	
22	14	4	2	13	12	
42	14	12	11	13	4	28	6	26	
28	0	6	39	41	50	21	2	12	
46	17	34	40	13	6	4	22	35	15	
47	25	0	18	39	8	11	1	10	46	34	50	28	6	
32	30	47	
43	46	17	
28	26	1	46	0	15	17	
17	46	43	13	12	36	
51	12	21	41	28	0	6	39	50	2	
41	21	0	28	50	12	39	6	2	
15	2	12	
1	26	28	17	46	0	15	
17	28	26	46	
40	39	43	14	2	4	12	
43	2	14	22	12	4	13	7	
4	8	52	6	49	50	2	10	3	34	18	33	
33	6	34	50	4	10	14	
44	32	17	28	46	6	13	
0	50	39	28	2	12	6	
4	34	36	2	
6	40	12	32	50	51	41	7	28	34	
14	51	40	2	7	50	25	44	19	6	35	32	41	11	
31	16	12	2	45	9	22	17	
12	2	39	
43	7	6	17	22	
12	39	43	13	14	
12	39	29	26	43	3	
11	10	34	17	6	12	33	28	
32	44	17	28	13	6	
22	40	2	12	
6	28	12	
36	12	6	
46	17	43	
28	42	11	4	26	13	14	
12	46	16	25	
6	43	2	
7	13	17	
22	40	39	14	
