45	21	23	42	22	6	34	10	11	26	14	4	7	43	33	12	2	36	17	28	
34	6	46	12	22	17	28	35	4	2	13	
34	51	32	14	6	12	22	28	2	41	4	35	7	50	40	15	
37	49	50	52	20	24	21	3	45	38	14	32	6	4	39	18	2	8	7	10	33	34	13	
47	49	3	52	12	26	4	6	1	11	0	18	29	39	28	8	
45	50	49	21	24	14	38	3	52	6	18	8	4	39	20	2	10	7	37	32	33	34	13	
25	11	10	50	2	4	33	17	6	34	28	
21	39	12	0	6	51	41	2	50	28	
10	39	8	18	50	6	4	34	33	2	
11	12	42	49	6	47	4	28	14	1	0	46	
21	5	43	27	6	45	16	14	41	11	22	
40	39	22	43	4	14	2	12	13	
47	8	25	39	18	0	1	50	11	34	4	17	10	
19	5	27	2	22	33	14	29	31	13	34	35	45	40	
40	4	22	34	13	35	2	
33	17	48	46	26	
32	30	47	
34	37	4	36	12	28	17	2	
7	13	17	2	12	
7	11	22	42	34	14	4	26	10	6	2	12	21	33	17	28	
32	49	24	2	3	38	14	20	6	52	21	50	7	37	39	46	
13	12	17	43	
31	45	22	2	
27	5	45	14	13	33	4	
10	12	6	11	7	34	14	22	26	4	33	
16	12	45	22	41	17	2	
50	41	6	28	2	51	12	
14	4	13	
44	32	28	2	26	15	
1	6	28	0	4	46	12	
44	32	26	2	28	46	15	17	
13	2	26	6	46	15	28	12	
35	36	13	2	
33	34	4	2	
34	4	37	2	17	
32	2	43	46	17	
17	41	16	
29	34	33	2	
28	2	12	
17	13	46	12	
0	47	39	18	1	8	11	
50	36	4	14	32	51	1	
25	39	18	50	8	1	11	47	
15	46	17	
15	7	17	46	
22	4	14	43	2	13	12	
39	18	8	50	17	2	34	
7	13	2	
28	7	2	12	
2	13	8	21	46	14	17	
12	43	17	
45	27	33	5	14	4	
21	45	8	13	43	14	
32	2	17	46	
39	4	22	40	14	
50	7	32	14	
12	6	46	
